0.05 0.0 0.0
0.15000000000000002 0.0 0.0
0.25 0.0 0.0
0.35000000000000003 0.0 0.0
0.45 9.983434236444371e-6 7.723200494284832e-8
0.55 0.0 7.723200494284832e-8
0.65 0.0 7.723200494284832e-8
0.75 0.0 7.723200494284832e-8
0.8500000000000001 0.0 7.723200494284832e-8
0.9500000000000001 2.247193684218105e-6 1.5446400988569665e-7
1.05 9.199236985243303e-7 1.9308001235712079e-7
1.1500000000000001 0.0 1.9308001235712079e-7
1.25 1.2984850499426583e-6 2.703120172999691e-7
1.35 9.463273586099456e-6 9.267840593141796e-7
1.4500000000000002 0.0005636289401570462 4.603027494593754e-5
1.55 0.017700815830983225 0.0016645427865307374
1.6500000000000001 0.07832857088367869 0.009780313561940066
1.75 0.11408281594472366 0.023076382452888483
1.85 0.0985341434394263 0.03590987025023172
1.9500000000000002 0.07967754802367279 0.04743933426011736
2.0500000000000003 0.07735567033914309 0.059810047883843094
2.15 0.08655510080844446 0.07503502471424162
2.25 0.10168801438027433 0.09462415044794574
2.35 0.1214779668761288 0.12015160642570265
2.45 0.14699285119775288 0.1537251699104111
2.5500000000000003 0.1930989863022784 0.20150281896818045
2.6500000000000004 0.2437271602114294 0.26662905468025966
2.75 0.26872714629178224 0.3439564797652148
2.85 0.28374861892272 0.4316518767377197
2.95 0.300998827341684 0.5313206672845225
3.0500000000000003 0.3171894803048734 0.6435912882298419
3.1500000000000004 0.3277397522914154 0.7673271161569345
3.25 0.33649455712998044 0.9025617083719494
3.35 0.3475562878420177 1.0509691844300273
3.45 0.3624776719778215 1.215125888168056
3.5500000000000003 0.37839983050028303 1.3965709375965414
3.6500000000000004 0.3923697790918355 1.5954628900216252
3.75 0.40351601643007107 1.8113654618473913
3.85 0.41106906870868015 2.0431953583565035
3.95 0.4155685854925298 2.2898951961692915
4.05 0.4190494290811655 2.551415932962616
4.15 0.4198143939319444 2.82651131448872
4.25 0.4179337301700895 3.1137309236947828
4.3500000000000005 0.4159064586534195 3.4131655854185974
4.45 0.4143628648128269 3.725361986407166
4.55 0.41468301375630245 4.051998918751924
4.65 0.4160423827967911 4.394269037689224
4.75 0.4181354305752874 4.753214936669756
4.8500000000000005 0.4215206133818534 5.1304625038616
4.95 0.4257406493834062 5.527360634847084
5.050000000000001 0.4298026293443175 5.944397822057455
5.15 0.4322716757430833 6.380605846462773
5.25 0.4341732707761729 6.835912071362369
5.3500000000000005 0.4370609121830845 7.3118726058078565
5.45 0.43964072650299285 7.808707252085261
5.550000000000001 0.44068297585952015 8.325162573370395
5.65 0.44061918796923694 8.860318582020394
5.75 0.44058329642937816 9.414540160642577
5.8500000000000005 0.43959515037866004 9.98691952425085
5.95 0.43921083356953483 10.578516527649056
6.050000000000001 0.43843288977362066 11.189082406549296
6.15 0.43793538633848006 11.819282707754084
6.25 0.4374556390351264 12.469430491195551
6.3500000000000005 0.4370824585911384 13.139976482854504
6.45 0.43584127601457023 13.829843296261945
6.550000000000001 0.434945440487919 14.539804448563471
6.65 0.4339365914744057 15.269911453506335
6.75 0.4330288613475697 16.020567693852335
6.8500000000000005 0.43246819417808174 16.792629016064268
6.95 0.4318938448843225 17.586340902069825
7.050000000000001 0.4317981135301473 18.402876312944066
7.15 0.4317269111731762 19.242601251158476
7.25 0.4320624591039481 20.106649907321593
7.3500000000000005 0.4326469194570601 20.99589967562555
7.45 0.4333114734218369 21.91091427247453
7.550000000000001 0.434178220685381 22.852537264442365
7.65 0.43515930616079446 23.82145319740503
7.75 0.4363065123375321 24.818487025023217
7.8500000000000005 0.43745004283694977 25.844097428174255
7.95 0.4386151801368321 26.89880583873958
8.05 0.4399851633080804 27.98359202193386
8.15 0.4412644866484449 29.098729494902667
8.25 0.4426787509016088 30.245062133147986
8.35 0.44399064738359856 31.422832792709272
8.450000000000001 0.44546763728456534 32.63299451652764
8.55 0.4468757701793205 33.87588469261665
8.65 0.44798739390555264 35.15118249922769
8.75 0.4493586788687212 36.46013152610438
8.85 0.45044665475958884 37.80241207136238
8.950000000000001 0.4516178464785358 39.178767029657116
9.05 0.45255671702871736 40.58897563330236
9.15 0.45342287265820647 42.033279927401914
9.25 0.4543546753882143 43.512359244670975
9.35 0.45543816549540633 45.02719501081243
9.450000000000001 0.4561535507419866 46.57703726444239
9.55 0.45708005306681754 48.163068543404385
9.65 0.45784601194636926 49.78520250231698
9.75 0.45870432917843845 51.44423405159101
9.850000000000001 0.45963091958271385 53.14089160488094
9.950000000000001 0.4606924284056215 54.876171995674966
10.05 0.4614800388608232 56.64953398208219
10.15 0.462422445229245 58.46205591597154
10.25 0.46352936686357066 60.3148928405932
10.350000000000001 0.46448354248589324 62.207947598084644
10.450000000000001 0.4656566342362516 64.14263345690446
10.55 0.46696652292830265 66.12007059005242
10.65 0.46814088829741035 68.14023980537542
10.75 0.46932782588714683 70.20374293327158
10.850000000000001 0.4705508499372756 72.31129290237885
10.950000000000001 0.47192920117956605 74.4641582869941
11.05 0.47340029219108487 76.66335870404707
11.15 0.4746922435450834 78.9086544253938
11.25 0.4760871199609657 81.20112148594394
11.350000000000001 0.47749683641386237 83.5414336963238
11.450000000000001 0.4789904156505004 85.93061619555141
11.55 0.4804623793862322 88.36918400525184
11.65 0.4818787904917596 90.8574745906704
11.75 0.48335099005338117 93.39639878745757
11.850000000000001 0.4846422829953786 95.9856211383997
11.950000000000001 0.4862619226041538 98.62752722428169
12.05 0.4876123793937529 101.32129452425102
12.15 0.4890872728324397 104.06824061631144
12.25 0.4905685002865061 106.8690465322829
12.350000000000001 0.4920702411057636 109.72448073061486
12.450000000000001 0.4936392952678415 112.63559684893417
12.55 0.4951422345677453 115.6026716095149
12.65 0.49648396709032533 118.62538735712081
12.75 0.49815456908566386 121.70641419524259
12.850000000000001 0.4996146775671366 124.84513295489643
12.950000000000001 0.5011442842239507 128.04265276490594
13.05 0.5026723273862009 131.29964627741725
13.15 0.5041615746431488 134.61654421532288
13.25 0.5055449075271545 137.99332078313267
13.350000000000001 0.5071585173750967 141.43220103490896
13.450000000000001 0.5085583063532354 144.9324270543711
13.55 0.5100300951703927 148.49517527803522
13.65 0.5114962820158846 152.1210975826381
13.75 0.5129558595734716 155.81084020698168
13.850000000000001 0.5144792343196097 159.5655644887243
13.950000000000001 0.5158812272994099 163.38508429873335
14.05 0.5173694256764948 167.27073725671926
14.15 0.5187654860263876 171.22253336422608
14.25 0.5202205608531089 175.24162391875205
14.350000000000001 0.521683480937647 179.3287817809699
14.450000000000001 0.5231529493872764 183.48477540932967
14.55 0.5245574074232635 187.70980240191543
14.65 0.5260816611716743 192.00555108897123
14.75 0.5275154487052763 196.37201278189661
14.850000000000001 0.5291681038418453 200.81174702656787
14.950000000000001 0.5306387324158727 205.3239821207911
15.05 0.5321883417821571 209.91013704819252
15.15 0.5336200146740385 214.56994180568395
15.25 0.535118449852978 219.30472323911016
15.350000000000001 0.5367921636024477 224.11680757645954
15.450000000000001 0.5383848275434581 229.00625818659267
15.55 0.5400160916696389 233.97421431881367
15.65 0.5415406805561651 239.0204788770461
15.75 0.5431648801607966 244.14676714550544
15.850000000000001 0.5447234095736706 249.35325405467998
15.950000000000001 0.546423021816476 254.6420955746063
16.05 0.5478417184269326 260.0113668520239
16.150000000000002 0.5495995916707028 265.4651970188446
16.25 0.5512121805387467 271.0029767145505
16.35 0.55285828553417 276.6258650370719
16.45 0.5545095682993548 282.33474555916047
16.55 0.5561422801947773 288.13026007877653
16.650000000000002 0.5577288909335952 294.01275675780016
16.75 0.5593978802231766 299.98394134229216
16.85 0.561020653989269 306.0441657012665
16.95 0.562768821227235 312.1956434970652
17.05 0.5643777456157425 318.43771385542095
17.150000000000002 0.5659242857093776 324.7705256024097
17.25 0.5677179067047063 331.19771022551726
17.35 0.5694461050051883 337.7194213005871
17.45 0.5709416183358498 344.3338527571831
17.55 0.5725712203758785 351.04340747605846
17.650000000000002 0.5743407513781257 357.85061484399125
17.75 0.5759567263247408 364.75454653228275
17.85 0.5776467514797605 371.75697497683063
17.95 0.5793255903441881 378.85866168520266
18.05 0.581031044628197 386.0608359978377
18.150000000000002 0.5827380835056434 393.36442836731555
18.25 0.5843436285464936 400.7690676166204
18.35 0.5861241025188372 408.2778853104725
18.45 0.5876895591179739 415.8890399675622
18.55 0.5894159724427683 423.6055255251777
18.650000000000002 0.5910701301576292 431.42732167130026
18.75 0.5927531475478661 439.3557336654311
18.85 0.5943700301024113 447.3907987333955
18.95 0.5960818462393628 455.53472999691104
19.05 0.5977455100592785 463.78780985480347
19.150000000000002 0.599483372134901 472.1520106966331
19.25 0.6011543302092087 480.62735190763163
19.35 0.6028708076753783 489.21542886932406
19.450000000000003 0.6045009899709519 497.91596373957316
19.55 0.606230297750517 506.73134043867867
19.650000000000002 0.6079475000849992 515.6623569277107
19.75 0.6096271061785254 524.7094313793642
19.85 0.6113690615141762 533.8744671763976
19.950000000000003 0.6131436137117005 543.1589493358048
20.05 0.6147582879301028 552.5614379054671
20.150000000000002 0.6165848258011932 562.0861661260425
20.25 0.6182804852005769 571.7321214087116
20.35 0.6201096849118592 581.5024007954892
20.450000000000003 0.6218798694803669 591.39710364535
20.55 0.623590192988253 601.4162922845222
20.650000000000002 0.6253944685604832 611.5625003475458
20.75 0.6271904425850346 621.8366347312326
20.85 0.628946573180963 632.239080823293
20.950000000000003 0.6307571960985666 642.7717843682427
21.05 0.6325859287374874 653.4361078931107
21.150000000000002 0.634366951752093 664.2323066110594
21.25 0.636095468093088 675.160534406858
21.35 0.6380028740062534 686.2249366311394
21.450000000000003 0.6398614117724782 697.4257630522088
21.55 0.6416430785202566 708.7627490346
21.650000000000002 0.6435244396603758 720.2387449799199
21.75 0.6452739810442594 731.8524879131917
21.85 0.6471979609747338 743.6082164426944
21.950000000000003 0.6490098506775605 755.5050081093607
22.05 0.6508335076773408 767.5441796802583
22.150000000000002 0.6526453898040456 779.7266185511281
22.25 0.6544316432364309 792.0529493744208
22.35 0.6563157156586384 804.5261339975284
22.450000000000003 0.6581587006410261 817.1465247914738
22.55 0.6600197045413166 829.9156008263825
22.650000000000002 0.6618894669527527 842.8346739264748
22.75 0.6637629801782245 855.9049660951507
22.85 0.6655978834065533 869.1268640716713
22.950000000000003 0.6674233134438204 882.5013225594683
23.05 0.6693091940466175 896.0307089125747
23.150000000000002 0.6712517082852562 909.717348702502
23.25 0.6730017758091842 923.5584791473592
23.35 0.6749596531710947 937.5595422845226
23.450000000000003 0.6768178369929172 951.7196616852016
23.55 0.6786356632964891 966.0391639249302
23.650000000000002 0.6805782030885393 980.5218707908565
23.75 0.6824446280916507 995.1673658480084
23.85 0.6843628373449965 1009.9779636623423
23.950000000000003 0.6862009742126163 1024.9531337658332
24.05 0.6881436307752705 1040.096368319431
24.150000000000002 0.6900072913667178 1055.4071490963856
24.25 0.6919250446095006 1070.8878963160346
24.35 0.6938326760905751 1086.5396158866258
24.450000000000003 0.6957838984724767 1102.36453409793
24.55 0.6976763213608385 1118.362558117086
24.650000000000002 0.6995801317476821 1134.5351891025648
24.75 0.7014611052434547 1150.8831413345692
24.85 0.7034109718483308 1167.4092756410248
24.950000000000003 0.7053783137835622 1184.115278537225
25.05 0.707298718377956 1201.0013131757828
25.150000000000002 0.7092255567272115 1218.0688046802609
25.25 0.711165000321304 1235.3193359592206
25.35 0.713154541139918 1252.755418249921
25.450000000000003 0.7151042731328654 1270.3773807537839
25.55 0.7170287406914977 1288.1858952734017
25.650000000000002 0.7189576996529495 1306.1823681263515
25.75 0.7209377352551981 1324.3693878591282
25.85 0.7229256294307516 1342.748478761198
25.950000000000003 0.7248071989219382 1361.3182488801344
26.05 0.7267937832042743 1380.0827040855709
26.150000000000002 0.7287682157900454 1399.0428688214404
26.25 0.7306672535710276 1418.1981068118619
26.35 0.7326815461140314 1437.5527772628989
26.450000000000003 0.7346320506270145 1457.1065475749115
26.55 0.7365725789037381 1476.860494323445
26.650000000000002 0.738493392416786 1496.8154293327136
26.75 0.7405144406335844 1516.975422381837
26.85 0.7425007594272633 1537.3409071285112
26.950000000000003 0.7444777222453162 1557.913001660487
27.05 0.7463856787261474 1578.6911622644407
27.150000000000002 0.7484144478744998 1599.6801304448547
27.25 0.7503202204648378 1620.8778390871164
27.35 0.7523535360418528 1642.2892792323169
27.450000000000003 0.7542234030240696 1663.9111839666373
27.55 0.7562580804070447 1685.7496675548368
27.650000000000002 0.7581543565621263 1707.8021328390496
27.75 0.7601658178390351 1730.0733293172664
27.85 0.7620872858337183 1752.562029232314
27.950000000000003 0.7640892986296152 1775.2720207754087
28.05 0.7660184281561015 1798.2025551822644
28.150000000000002 0.7680056554612675 1821.3567903923404
28.25 0.7699597175326032 1844.735155120484
28.35 0.771909540416492 1868.3389457059009
28.450000000000003 0.773876818937264 1892.17012828236
28.55 0.7757457186180571 1916.2270926011743
28.650000000000002 0.7778027548421264 1940.517116272783
28.75 0.7797379066168606 1965.0378550741443
28.85 0.7816693691656493 1989.790632182576
28.950000000000003 0.783598865362283 2014.7768276953987
29.05 0.7855913549503059 2039.9999104881072
29.150000000000002 0.7875522553285373 2065.460337967256
29.25 0.7895047254710943 2091.159304873341
29.35 0.7915048601969811 2117.0998432190313
29.450000000000003 0.7934613526149843 2143.2820085727526
29.55 0.7953327874013683 2169.7044557846775
29.650000000000002 0.7973122608789112 2196.372245211617
29.75 0.7992440406254455 2223.2852707367906
29.85 0.8012019281293502 2250.445900177637
29.950000000000003 0.8031471543097004 2277.855200494288
30.05 0.8050690577315245 2305.513868164969
