35.521392822265625
39.778934478759766
48.46936798095703
50.83352279663086
53.63662338256836
54.66485595703125
55.25429153442383
60.26168441772461
58.508392333984375
58.724327087402344
62.492759704589844
64.6803207397461
63.930484771728516
66.79522705078125
67.27975463867188
67.2353515625
69.88092041015625
69.40087890625
70.06745147705078
70.10347747802734
70.2397232055664
71.74148559570313
71.84756469726563
72.2046127319336
75.2239761352539
73.21109771728516
72.95791625976563
74.54817199707031
75.68524169921875
75.21297454833984
75.50362396240234
74.642822265625
75.67150115966797
75.49264526367188
78.06350708007813
77.97859954833984
78.44916534423828
77.33343505859375
77.86509704589844
76.63319396972656
78.78787231445313
78.87324523925781
79.47161102294922
80.34935760498047
81.58966827392578
81.29434204101563
81.21977996826172
81.3060531616211
79.05166625976563
80.8795166015625
81.14860534667969
82.05359649658203
82.57203674316406
83.54720306396484
83.59380340576172
83.4168701171875
82.62849426269531
83.4185562133789
85.27521514892578
85.26518249511719
85.96709442138672
85.42318725585938
86.43641662597656
87.09272766113281
85.29613494873047
86.75821685791016
85.896728515625
85.5768051147461
87.23709869384766
88.6773452758789
86.28944396972656
86.9802017211914
87.44385528564453
87.21858978271484
86.25653076171875
87.74404907226563
86.30841064453125
85.91508483886719
87.17556762695313
86.42266845703125
87.57837677001953
86.9755859375
87.46920776367188
87.49893951416016
87.6778335571289
88.45008850097656
87.83560943603516
88.1148681640625
88.79337310791016
87.75666046142578
87.67316436767578
88.2207260131836
89.3222885131836
88.4768295288086
88.97499084472656
88.62568664550781
89.7506332397461
88.89410400390625
89.68194580078125
